7.509741916363624092e+00
7.425156554627580618e+00
7.408316389533256441e+00
7.379853020177734813e+00
7.349178466627110495e+00
7.309901514729334693e+00
7.282576109816333521e+00
7.099105303306764370e+00
7.109201947175328051e+00
7.117868036863432835e+00
7.023154714554435074e+00
6.945562975671202288e+00
6.932274017146610845e+00
6.909823866314496854e+00
6.930166016303078713e+00
6.925171093421269575e+00
6.947435583260243241e+00
6.994897230673125854e+00
7.005006882896411824e+00
7.031599234181443059e+00
7.053054470220699201e+00
7.035884748612887485e+00
7.088377161091456102e+00
7.098789250954125052e+00
7.073461088271743691e+00
7.120317463926374657e+00
7.203026839545835891e+00
7.237463971849769528e+00
7.295737343510134920e+00
7.350978290139565274e+00
7.378164418251355272e+00
7.498377169211624782e+00
7.615919634224384893e+00
7.797502218603692192e+00
7.959888357877392018e+00
8.135400621170852276e+00
8.342403917412894998e+00
8.498811998856682592e+00
8.582878953040488312e+00
8.605054697129654429e+00
8.562458612890845089e+00
8.446240108784033751e+00
8.388601057180309795e+00
8.361925161674037099e+00
8.318465724738008049e+00
8.368207881166110695e+00
8.375384284101512478e+00
8.373843285626676902e+00
8.381837139142122695e+00
8.438012059199543557e+00
8.372271423458155226e+00
8.272980700212606564e+00
8.218988693374823740e+00
8.172718112222783660e+00
8.302072013352052693e+00
8.512973246000301586e+00
8.780652024558660784e+00
8.755174203376034470e+00
8.632941073735821647e+00
8.466764827122190695e+00
8.238001479165678376e+00
8.048022342771233184e+00
7.996333371663555845e+00
8.070227189417856550e+00
8.153586366246203809e+00
8.253516497130828355e+00
8.439293265039978564e+00
8.850715633551741846e+00
9.163320412075972143e+00
9.479407402733269095e+00
9.644285846182137689e+00
9.876415109199028208e+00
1.014980851595390554e+01
1.041760787942360089e+01
1.054021975520501542e+01
1.047416202997253265e+01
1.023830070303321982e+01
9.891672457809148611e+00
9.650102989563260181e+00
9.616561491876980838e+00
9.444032663176253450e+00
9.207264286461320779e+00
8.844554241438855158e+00
8.234269640798174805e+00
7.616654525220940997e+00
6.601129969688203758e+00
6.234358503365539761e+00
5.641115487668984407e+00
5.457628509203893863e+00
5.771766372355243035e+00
6.627040321840530268e+00
7.918006862031250925e+00
8.809895340636854755e+00
1.034939474432650286e+01
1.136988155910926324e+01
1.181813069762941026e+01
1.183272974014211520e+01
1.172509497144789137e+01
1.163144994271247157e+01
1.167800562346026005e+01
1.170521974413331989e+01
1.161987397967881286e+01
1.162678782490128526e+01
1.159595093430008639e+01
1.165861558002925236e+01
1.169681637241654215e+01
1.173154784048160160e+01
1.164002629268674305e+01
1.149178114370755921e+01
1.156401508366688446e+01
1.158757237706197429e+01
1.155756423882033346e+01
1.153964154668502395e+01
1.153929482307927756e+01
1.159836309723692160e+01
1.162016187049113469e+01
1.157468360939645891e+01
1.166500075250752388e+01
1.169600209514834610e+01
1.163951345519638814e+01
1.163857195940883926e+01
1.167638738276865062e+01
1.160597311886864524e+01
1.166336224610305550e+01
1.160316498251608763e+01
1.157768901416816298e+01
1.159771256816215512e+01
1.149064522405312694e+01
1.154733201554569710e+01
1.155282727073882576e+01
1.158860466365388042e+01
1.165574409176803172e+01
1.167193452871936366e+01
1.165379592650222129e+01
1.161941721326381760e+01
1.164008408942123474e+01
1.168831679527898082e+01
1.176638104717861388e+01
1.176733012506075404e+01
1.173949904172065573e+01
1.174407915905599786e+01
1.171035772539475772e+01
1.174561331785885798e+01
1.172377578120431529e+01
1.176545130037093934e+01
1.170910631049939710e+01
1.160104062345313025e+01
1.160056377366582581e+01
1.161904344644757359e+01
1.167292930782354077e+01
1.164730384702306409e+01
1.179266553158455011e+01
1.181564902031945508e+01
1.174810110912615002e+01
1.173623613228201457e+01
1.173549865756138466e+01
1.178215838140051197e+01
1.175594000899827485e+01
1.181753166830922375e+01
1.174633408247907163e+01
1.172297402029979274e+01
1.175758615305081456e+01
1.181378906376916582e+01
1.186114571911377347e+01
1.188587772608160797e+01
1.182545242586215117e+01
1.181410758164879482e+01
1.179179328128549464e+01
1.170118834408587105e+01
1.182933819762279803e+01
1.195129389457263791e+01
1.188625909174052531e+01
1.186599559623151556e+01
1.188523638852130482e+01
1.185762889913228690e+01
1.183369841997444105e+01
1.181408053627142074e+01
1.183448107485839351e+01
1.182309605481006187e+01
1.182062532961547063e+01
1.183848175542545533e+01
1.184084344731872740e+01
1.179400874200381644e+01
1.178777430496349687e+01
1.180642786085350693e+01
1.180169454611076674e+01
1.181208289815835677e+01
1.185624258660919494e+01
1.182543748217125668e+01
1.188363508029821425e+01
1.181220957221342260e+01
1.185087126935482438e+01
1.183707356996899307e+01
1.189285978896754337e+01
1.183819748061166521e+01
1.183736108549439692e+01
1.180857927853872447e+01
1.173195000647228703e+01
1.171622580977858874e+01
1.176115255335776411e+01
1.172493540837765202e+01
